# This file is generated by matlab calibration code.
# It should be placed under /cwru_davinci_kinematics/config/ folder.

# DH_0 TO DH_1 FRAME
theta_1: 3.141593 
alpha_1: -1.563553 
a_1: 0.005918 
d_1: 0.000000 
# DH_1 TO DH_2 FRAME
theta_2: -1.574867 
alpha_2: 1.562359 
a_2: 0.001250 
d_2: 0.003006 
# DH_2 TO DH_3 FRAME
d_3: -0.009403 
j3_scale_factor: 1.010879 
