# DH PARAMETER RECOMMENDATION
# This file is generated by matlab codes for da Vinci robot intrinsic calibration tool.
# AT:17-Mar-2019 20:48:29
# YOU MUST CHANGE THE FILENAME EXTENSION TO .YAML BEFORE YOU USE IT AS A DAVINCI KINEMATICS CONFIG FILE.
# ---
# DH_0 TO DH_1 FRAME
theta_1: 3.141593 
alpha_1: -1.565545 
a_1: 0.004206 
d_1: 0.000000 

# DH_1 TO DH_2 FRAME
theta_2: 1.569864 
alpha_2: -1.579191 
a_2: 0.000181 
d_2: 0.000942 

# DH_2 TO DH_3 FRAME
theta_3: 0.000000 
alpha_3: 0.000000 
a_3: 0.000000 
d_3: -0.006836 

# DH_3 TO DH_4 FRAME
theta_4: -3.008942 
alpha_4: -1.573145 
a_4: 0.000003 
d_4: 0.000095 

# DH_4 TO DH_5 FRAME
theta_5: -1.625457 
alpha_5: -1.466351 
a_5: 0.008593 
d_5: -0.000078 

j1_scale_factor: 1.0
j2_scale_factor: 0.975662
j3_scale_factor: 0.988275 

# Please entre the j1 and j2 scale factor manually for the time being.
