# 02
# Note: Average result from 20180809 Group. The passive joint not tilted.

# @Date:20181118

# ---
# DH_0 TO DH_1 FRAME
theta_1: 3.141593 
alpha_1: -1.565608 
a_1: 0.004181 
d_1: 0.000000 

# DH_1 TO DH_2 FRAME
theta_2: 1.590870 
alpha_2: -1.576451 
a_2: 0.000128 
d_2: 0.001209 

# DH_2 TO DH_3 FRAME
theta_3: 0.000000 
alpha_3: 0.000000 
a_3: 0.000000 
d_3: -0.007237 

# DH_3 TO DH_4 FRAME
theta_4: -3.048162 
alpha_4: -1.561206 
a_4: 0.000011 
d_4: 0.000107 

# DH_4 TO DH_5 FRAME
theta_5: -1.638860 
alpha_5: -1.476038 
a_5: 0.008469 
d_5: -0.000116 


# Scale Factors
j1_scale_factor: 0.999
j2_scale_factor: 0.976
j3_scale_factor: 0.989
